125,1
125,3
0,273
0,270
14,8
10,232
10,214
10,202
10,274
10,70
10,204
10,112
10,310
10,2
10,3
11,12
11,6
11,24
11,22
11,4
9,7
9,4
9,1
9,6
9,3
159,7
159,6
159,5
159,4
159,3
159,2
159,1
8,13
159,0
125,2
8,7
125,0
8,9
120,3
120,2
120,1
8,6
120,0
8,18
119,3
119,2
8,17
119,1
0,526
119,0
118,4
118,3
118,2
118,1
118,0
116,3
116,2
116,1
116,0
115,5
115,4
115,3
115,2
115,1
115,0
112,5
112,4
112,3
112,2
112,1
112,0
110,5
110,4
110,3
110,2
110,1
110,0
108,4
108,3
108,2
108,1
108,0
107,5
107,4
107,3
107,2
107,1
107,0
102,3
102,2
102,1
100,3
100,2
100,1
97,3
97,1
95,4
95,3
95,1
93,5
93,3
93,1
91,4
91,3
91,1
88,3
88,1
61,3
61,1
51,3
51,1
49,3
49,1
44,3
44,1
20,3
20,2
20,1
19,3
19,2
19,1
12,3
12,2
12,1
11,29
